# Temp		E				E^2				E^4				M				M^2				M^4
1.500000	-1.9511827257	3.8071149938	14.4941392673	0.9864203572	0.9730252438	0.9467786023
1.510000	-1.9494032118	3.8001743879	14.4413482816	0.9860216022	0.9722387780	0.9452489344
1.520000	-1.9457085503	3.7857856681	14.3322322486	0.9849012613	0.9700309849	0.9409620141
1.530000	-1.9439995660	3.7791353399	14.2818794451	0.9844428182	0.9691277279	0.9392088074
1.540000	-1.9411621094	3.7681168734	14.1988033345	0.9834011555	0.9670783172	0.9352423463
1.550000	-1.9387261285	3.7586605255	14.1275518622	0.9826877117	0.9656752836	0.9325293128
1.560000	-1.9375162760	3.7539771108	14.0924611728	0.9824327230	0.9651748671	0.9315656599
1.570000	-1.9369140625	3.7516369852	14.0747935730	0.9823377848	0.9649877603	0.9312022919
1.580000	-1.9321831597	3.7333326737	13.9377864506	0.9808457971	0.9620586191	0.9255573313
1.590000	-1.9318630642	3.7320989448	13.9286229797	0.9805772543	0.9615321922	0.9245458524
1.600000	-1.9294596354	3.7228150694	13.8593607493	0.9801812053	0.9607552989	0.9230511430
1.610000	-1.9248318142	3.7049789339	13.7268899573	0.9786675334	0.9577903093	0.9173629218
1.620000	-1.9229383681	3.6976955911	13.6730062939	0.9778510332	0.9561930087	0.9143064682
1.630000	-1.9199164497	3.6860837588	13.5872811110	0.9770914674	0.9547081968	0.9114695025
1.640000	-1.9167480469	3.6739268402	13.4977937851	0.9761583209	0.9528854381	0.9079920714
1.650000	-1.9143663194	3.6648048112	13.4308881616	0.9752956867	0.9512023778	0.9047886306
1.660000	-1.9107638889	3.6510223503	13.3300184183	0.9739935994	0.9486640625	0.8999655180
1.670000	-1.9079155816	3.6401473844	13.2507533665	0.9733425617	0.9473964135	0.8975625098
1.680000	-1.9063639323	3.6342258269	13.2076319975	0.9728759885	0.9464881146	0.8958413622
1.690000	-1.9021375868	3.6181311519	13.0909273279	0.9715467572	0.9439034572	0.8909550803
1.700000	-1.8974012587	3.6001356980	12.9610369957	0.9696668863	0.9402542655	0.8840795702
1.710000	-1.8939724392	3.5871351912	12.8675903727	0.9687988281	0.9385714618	0.8809174863
1.720000	-1.8889594184	3.5681793467	12.7320706075	0.9670220375	0.9351327041	0.8744772276
1.730000	-1.8882866753	3.5656304729	12.7137763650	0.9668267131	0.9347546712	0.8737692023
1.740000	-1.8807237413	3.5371257127	12.5113137886	0.9642550945	0.9297885690	0.8645093190
1.750000	-1.8796386719	3.5330438904	12.4824324024	0.9639594197	0.9292180080	0.8634470178
1.760000	-1.8764811198	3.5211865053	12.3988263817	0.9629855633	0.9273417778	0.8599649342
1.770000	-1.8693847656	3.4946045321	12.2123325655	0.9604682088	0.9224996750	0.8510074763
1.780000	-1.8684841580	3.4912364970	12.1887803796	0.9603488564	0.9222703982	0.8505844278
1.790000	-1.8660481771	3.4821402094	12.1253618823	0.9592339396	0.9201306023	0.8466434605
1.800000	-1.8600423177	3.4597590887	11.9699559991	0.9574896932	0.9167870069	0.8405002294
1.810000	-1.8540581597	3.4375485252	11.8169715384	0.9552517414	0.9125084286	0.8326808946
1.820000	-1.8496690538	3.4212769542	11.7051544011	0.9531412721	0.9084788892	0.8253360879
1.830000	-1.8464952257	3.4095465145	11.6250332777	0.9523383379	0.9069484802	0.8225561636
1.840000	-1.8419216580	3.3926884891	11.5105130041	0.9503580689	0.9031834047	0.8157509055
1.850000	-1.8374565972	3.3762576292	11.3992626353	0.9489447713	0.9004972844	0.8108993435
1.860000	-1.8276041667	3.3401476680	11.1567290099	0.9452067137	0.8934181360	0.7982045508
1.870000	-1.8280924479	3.3419380468	11.1687645097	0.9458495975	0.8946334161	0.8003759507
1.880000	-1.8209743924	3.3159519175	10.9955925594	0.9423909545	0.8881011702	0.7887253197
1.890000	-1.8157931858	3.2971119973	10.8710410681	0.9403103232	0.8841849212	0.7817879798
1.900000	-1.8091579861	3.2730723808	10.7132618524	0.9384657264	0.8807201886	0.7756760544
1.910000	-1.8035590278	3.2528295870	10.5809577758	0.9358208537	0.8757611245	0.7669591382
1.920000	-1.7980523003	3.2330013645	10.4524179830	0.9342447877	0.8728152427	0.7618131523
1.930000	-1.7886664497	3.1993361943	10.2358613410	0.9296983600	0.8643396875	0.7470853333
1.940000	-1.7883355035	3.1981568646	10.2283736453	0.9300347209	0.8649692271	0.7481878460
1.950000	-1.7786458333	3.1635854509	10.0083291461	0.9257514119	0.8570167966	0.7344816289
1.960000	-1.7740668403	3.1473258378	9.9058195746	0.9242730141	0.8542868101	0.7298271251
1.970000	-1.7659884983	3.1187393334	9.7268330419	0.9196912885	0.8458351179	0.7154473604
1.980000	-1.7611111111	3.1015273712	9.6196586631	0.9180257201	0.8427758678	0.7102868283
1.990000	-1.7525607639	3.0714944757	9.4343885849	0.9150607586	0.8373399271	0.7011506595
2.000000	-1.7490614149	3.0592403281	9.3592505328	0.9131835818	0.8339073195	0.6954116242
2.010000	-1.7385579427	3.0226027390	9.1363570652	0.9084798098	0.8253408840	0.6812051614
2.020000	-1.7295247396	2.9912684320	8.9478376041	0.9039442301	0.8171207498	0.6677045505
2.030000	-1.7210340712	2.9619626276	8.7732741992	0.8995985270	0.8092786650	0.6549357025
2.040000	-1.7158420139	2.9441227348	8.6679635948	0.8976128340	0.8057100367	0.6491726565
2.050000	-1.7074978299	2.9155604315	8.5006278113	0.8928466797	0.7971804254	0.6355133186
2.060000	-1.6987901476	2.8859217725	8.3289362092	0.8874837160	0.7876357137	0.6203964201
2.070000	-1.6901529948	2.8566586313	8.1609717738	0.8845893025	0.7825096207	0.6123568943
2.080000	-1.6822374132	2.8299447083	8.0088350703	0.8802219033	0.7748033368	0.6003594566
2.090000	-1.6683648003	2.7834537328	7.7477553577	0.8699707150	0.7568543153	0.5728444469
2.100000	-1.6630371094	2.7656991430	7.6491661147	0.8695746660	0.7561625079	0.5717890260
2.110000	-1.6520507812	2.7292918988	7.4492545685	0.8612142086	0.7416983972	0.5501416759
2.120000	-1.6436035156	2.7014493087	7.2980093854	0.8583848715	0.7368312078	0.5429397358
2.130000	-1.6354926215	2.6748715359	7.1553167590	0.8530544758	0.7277200334	0.5296290853
2.140000	-1.6226942274	2.6331649090	6.9338568932	0.8454833984	0.7148526208	0.5110440919
2.150000	-1.6041720920	2.5734053560	6.6227973520	0.8324354529	0.6929731503	0.4802793751
2.160000	-1.5938693576	2.5404448480	6.4541174751	0.8264567018	0.6830435226	0.4665836006
2.170000	-1.5873860677	2.5198065800	6.3495469988	0.8197129965	0.6719338485	0.4515070645
2.180000	-1.5772840712	2.4878352635	6.1894260867	0.8126247764	0.6603709416	0.4361213171
2.190000	-1.5629394531	2.4427966911	5.9674208295	0.8058512449	0.6494131580	0.4217813744
2.200000	-1.5504340278	2.4038608442	5.7786925697	0.7969970703	0.6352166720	0.4035315768
2.210000	-1.5335123698	2.3516934517	5.5307763360	0.7838758707	0.6144953211	0.3776882228
2.220000	-1.5299153646	2.3406464953	5.4786772397	0.7776719809	0.6047879015	0.3658026892
2.230000	-1.5026312934	2.2579269202	5.0984694113	0.7429063559	0.5519236154	0.3046501086
2.240000	-1.4886555990	2.2161034550	4.9111851302	0.7282823324	0.5304100046	0.2813662402
2.250000	-1.4743218316	2.1736336789	4.7247600955	0.7173204184	0.5145610510	0.2647986354
2.260000	-1.4536566840	2.1131436895	4.4655947073	0.6952528119	0.4834199842	0.2337783830
2.270000	-1.4473036024	2.0947390328	4.3883622091	0.6931559205	0.4805534537	0.2311020207
2.280000	-1.4242241753	2.0284538285	4.1149431629	0.6614881754	0.4376731566	0.1917433710
2.290000	-1.4050130208	1.9740849239	3.8971959209	0.6347005248	0.4029083886	0.1624386467
2.300000	-1.3870008681	1.9237811777	3.7010092014	0.5995605469	0.3595031183	0.1292862083
2.310000	-1.3713541667	1.8806904463	3.5375860789	0.5677273154	0.3227270374	0.1046866439
2.320000	-1.3382378472	1.7909203300	3.2076810162	0.4945936322	0.2451471080	0.0605963158
2.330000	-1.3275065104	1.7623042745	3.1059335120	0.4661295652	0.2172812353	0.0472150182
2.340000	-1.3089572483	1.7134058577	2.9360107502	0.4308268249	0.1857148491	0.0345655885
2.350000	-1.2802137587	1.6389528450	2.6862030014	0.3377848327	0.1144593948	0.0132693608
2.360000	-1.2626085069	1.5942299572	2.5418874134	0.2801812112	0.0786090263	0.0062134838
2.370000	-1.2516384549	1.5666348396	2.4545701372	0.2348008901	0.0551964946	0.0030614455
2.380000	-1.2377929688	1.5321598456	2.3476884877	0.1982530355	0.0393249379	0.0015496578
2.390000	-1.2157552083	1.4780900434	2.1849234118	0.1445827931	0.0212678696	0.0004858293
2.400000	-1.2006781684	1.4416892380	2.0788204433	0.1153483093	0.0138582347	0.0002211291
2.410000	-1.1929416233	1.4231222722	2.0253485442	0.0512179904	0.0026410188	0.0000071527
2.420000	-1.1875813802	1.4103699288	1.9892585912	0.0216606990	0.0004987391	0.0000003079
2.430000	-1.1709960937	1.3713055472	1.8808823686	0.0355631508	0.0013433379	0.0000022274
2.440000	-1.1684787326	1.3653694168	1.8643801764	0.0130615235	0.0002777854	0.0000001655
2.450000	-1.1575303819	1.3399181390	1.7956047266	0.0079779729	0.0000969773	0.0000000215
2.460000	-1.1440755208	1.3089249826	1.7133696414	0.0080729168	0.0000974008	0.0000000190
2.470000	-1.1328070747	1.2832789717	1.6469441511	0.0182996966	0.0003584915	0.0000001548
2.480000	-1.1198676215	1.2541209471	1.5729069541	0.0082709417	0.0000862189	0.0000000144
2.490000	-1.1153754340	1.2441009454	1.5479796411	0.0044433593	0.0000305204	0.0000000019
2.500000	-1.1107421875	1.2337945782	1.5224779937	0.0318495009	0.0011057155	0.0000015867
2.510000	-1.0962565104	1.2017884534	1.4443440775	0.0086100260	0.0000957379	0.0000000155
2.520000	-1.0847222222	1.1766590875	1.3847002142	0.0179144964	0.0003901479	0.0000002315
2.530000	-1.0860514323	1.1795537267	1.3915632319	0.0133626301	0.0002704953	0.0000001482
2.540000	-1.0731391059	1.1516689693	1.3265306353	0.0211344399	0.0007739264	0.0000014247
2.550000	-1.0629557292	1.1299302446	1.2769924098	0.0369656034	0.0015311138	0.0000032340
2.560000	-1.0583496094	1.1201251441	1.2547757201	0.0250868052	0.0006908815	0.0000006099
2.570000	-1.0529405382	1.1087227197	1.2294388240	0.0229871960	0.0006979358	0.0000007626
2.580000	-1.0447319878	1.0914820549	1.1914077364	0.0176405169	0.0003624134	0.0000002320
2.590000	-1.0393554688	1.0803288386	1.1674095673	0.0140760636	0.0002120076	0.0000000578
2.600000	-1.0304199219	1.0617786895	1.1274312485	0.0176839198	0.0005077469	0.0000005567
2.610000	-1.0231987847	1.0469580850	1.0962148508	0.0380940758	0.0014945590	0.0000024765
2.620000	-1.0149251302	1.0301137287	1.0613016403	0.0181342231	0.0006275430	0.0000012436
2.630000	-1.0090332031	1.0181703737	1.0367618849	0.0102593314	0.0001194923	0.0000000184
2.640000	-1.0004828559	1.0009786351	1.0020091712	0.0126871743	0.0002328136	0.0000001143
2.650000	-0.9915473090	0.9831899172	0.9667563182	0.0153971352	0.0003158316	0.0000001914
2.660000	-0.9907118056	0.9815141104	0.9633865846	0.0092936197	0.0001336744	0.0000000462
2.670000	-0.9787814670	0.9580450916	0.9179724584	0.0055094400	0.0000448001	0.0000000036
2.680000	-0.9756781684	0.9519955133	0.9064769237	0.0020968968	0.0000121674	0.0000000007
2.690000	-0.9672037760	0.9355083514	0.8752700257	0.0100965711	0.0001631559	0.0000000738
2.700000	-0.9598144531	0.9212571131	0.8487635765	0.0082926434	0.0000873742	0.0000000104
2.710000	-0.9539713542	0.9100843750	0.8283373901	0.0166693795	0.0003654720	0.0000002711
2.720000	-0.9496256510	0.9018088607	0.8133313127	0.0048800998	0.0000320954	0.0000000018
2.730000	-0.9456434462	0.8942523272	0.7997258378	0.0115342880	0.0001835997	0.0000000673
2.740000	-0.9390028212	0.8817369654	0.7774975081	0.0074625652	0.0000848919	0.0000000148
2.750000	-0.9314778646	0.8676565108	0.7528469472	0.0203911675	0.0004877089	0.0000003446
2.760000	-0.9299479167	0.8648086274	0.7479130452	0.0116889106	0.0001957440	0.0000000749
2.770000	-0.9267035590	0.8587987446	0.7376010374	0.0119628905	0.0002067562	0.0000001125
2.780000	-0.9220269097	0.8501422123	0.7227710756	0.0032172309	0.0000205653	0.0000000010
2.790000	-0.9117241753	0.8312579383	0.6910460998	0.0106852215	0.0001441604	0.0000000349
2.800000	-0.9052625868	0.8195457208	0.6718039497	0.0074055989	0.0000841021	0.0000000153
2.810000	-0.9011447483	0.8121260659	0.6597558430	0.0065917969	0.0000576947	0.0000000054
2.820000	-0.9006727431	0.8112276754	0.6581432414	0.0029513889	0.0000128723	0.0000000004
2.830000	-0.8935221354	0.7983979231	0.6374907680	0.0113932291	0.0001743572	0.0000000604
2.840000	-0.8877929687	0.7882030605	0.6213475283	0.0052951390	0.0000340112	0.0000000022
2.850000	-0.8805121528	0.7753289338	0.6012194599	0.0095377605	0.0000973984	0.0000000118
2.860000	-0.8785264757	0.7718133379	0.5957099031	0.0058322482	0.0000528567	0.0000000064
2.870000	-0.8668674045	0.7514669214	0.5647260330	0.0065402560	0.0000577390	0.0000000061
2.880000	-0.8650119358	0.7482526622	0.5599030278	0.0075005427	0.0000618980	0.0000000053
2.890000	-0.8615776910	0.7423321150	0.5511044442	0.0080647788	0.0000782900	0.0000000107
2.900000	-0.8559678819	0.7326948028	0.5368820260	0.0123318143	0.0001709942	0.0000000436
2.910000	-0.8546006944	0.7303638862	0.5334940895	0.0056423611	0.0000719719	0.0000000214
2.920000	-0.8483940972	0.7197891951	0.5181442312	0.0047200521	0.0000363943	0.0000000029
2.930000	-0.8462782118	0.7162001957	0.5129811864	0.0086805554	0.0001007641	0.0000000192
2.940000	-0.8466579861	0.7168400117	0.5138890308	0.0074869794	0.0000749556	0.0000000119
2.950000	-0.8398491753	0.7053605802	0.4975731276	0.0043158637	0.0000242861	0.0000000009
2.960000	-0.8339680990	0.6955222738	0.4838052912	0.0084228514	0.0001220651	0.0000000531
2.970000	-0.8323784722	0.6928800321	0.4801549284	0.0099229602	0.0001562208	0.0000000619
2.980000	-0.8269259983	0.6838277698	0.4676782243	0.0055826823	0.0000411625	0.0000000030
2.990000	-0.8229980469	0.6773452893	0.4588495126	0.0118787978	0.0001695020	0.0000000467
3.000000	-0.8178765191	0.6689328575	0.4475002787	0.0086480035	0.0001065848	0.0000000266
